fp = 1803
fn = 401
fp_cvar = 2.400990099009901
revenue = 3598
eo_disadvantage_rate = 0.2698734666280306
