[inaction]
    revenue = 3521
    fn_cvar = 1.108910891089109

[industry_average]
    revenue = 3772
    fn_cvar = 0.943069306930693
